sample input 1:
V = [0,1,2,3,4,5]
E = [[(0,1),5],[(0,2),5],[(0,3),4],[(1,2),1],[(1,3),2],[(2,3),2],[(2,4),5],[(2,5),3],[(3,5),4],[(4,5),4]]

sample input 2
V= [0, 1, 2, 3, 4, 5, 6, 7, 8, 9, 10, 11, 12, 13, 14, 15, 16, 17, 18, 19]
E=[[(12, 17), 13], [(19, 9), 44], [(5, 1), 39], [(11, 3), 2], [(10, 7), 50], [(6, 16), 22], [(3, 14), 36], [(7, 12), 34], [(17, 19), 4], [(4, 12), 37], [(15, 2), 23], [(2, 11), 17], [(16, 9), 2], [(10, 18), 33], [(11, 16), 40], [(19, 12), 46], 
[(4, 17), 11], [(2, 3), 14], [(0, 12), 23], [(12, 7), 6], [(1, 13), 39], [(11, 7), 3], [(5, 7), 25], [(3, 18), 29], [(6, 5), 26], [(16, 3), 33], [(13, 6), 21], [(2, 13), 35], [(0, 11), 10], [(16, 18), 25], [(14, 3), 36]]

sample input 3
V=[0, 1, 2, 3, 4, 5, 6, 7, 8, 9, 10, 11, 12, 13, 14, 15, 16, 17, 18, 19, 20, 21, 22, 23, 24, 25, 26, 27, 28, 29]
E=[[(27, 2), 26], [(9, 20), 20], [(27, 5), 15], [(23, 27), 23], [(29, 26), 33], [(11, 3), 43], [(8, 26), 37], [(27, 24), 26], [(23, 24), 41], [(29, 16), 7], [(26, 12), 48], [(26, 2), 50], [(25, 19), 33], [(6, 25), 43], [(1, 19), 43], 
[(21, 12), 27], [(23, 28), 20], [(10, 3), 47], [(28, 20), 46], [(25, 20), 8], [(10, 2), 9], [(9, 1), 25], [(25, 16), 36], [(23, 25), 39], [(28, 17), 8], [(2, 18), 49], [(12, 26), 11], [(16, 13), 34], [(10, 8), 24], [(13, 24), 21], 
[(10, 27), 22], [(23, 7), 31], [(17, 5), 4], [(11, 17), 18], [(2, 15), 21], [(14, 6), 31], [(11, 13), 28], [(1, 3), 50], [(19, 1), 41], [(28, 7), 19], [(11, 10), 7], [(29, 19), 29], [(8, 3), 25], [(9, 10), 36], [(12, 3), 17], [(28, 10), 31], 
[(15, 22), 9], [(19, 6), 37], [(7, 11), 26], [(22, 29), 29], [(4, 5), 42], [(0, 16), 21], [(13, 19), 32], [(10, 22), 41], [(26, 14), 14], [(0, 6), 2], [(22, 5), 39], [(6, 10), 30], [(6, 28), 12], [(9, 6), 44], [(18, 10), 19], [(1, 11), 35], 
[(22, 18), 5], [(22, 17), 31], [(29, 28), 46], [(21, 10), 23], [(10, 29), 3], [(29, 21), 34], [(28, 11), 17], [(14, 3), 11], [(14, 4), 29], [(2, 22), 43]]

sample input 4
[0, 1, 2, 3, 4, 5, 6, 7, 8, 9, 10, 11, 12, 13, 14, 15, 16, 17, 18, 19, 20, 21, 22, 23, 24, 25, 26, 27, 28, 29, 30, 31, 32, 33, 34, 35, 36, 37, 38, 39]
[[(31, 17), 24], [(15, 36), 22], [(17, 26), 27], [(14, 4), 37], [(19, 39), 10], [(27, 19), 49], [(34, 36), 18], [(22, 34), 47], [(1, 30), 47], [(10, 24), 1], [(28, 24), 44], [(20, 38), 20], [(35, 32), 39], [(16, 26), 15], [(28, 6), 5], [(12, 35), 44], 
[(28, 12), 10], [(32, 25), 36], [(13, 7), 46], [(19, 33), 12], [(33, 3), 29], [(24, 34), 11], [(7, 13), 27], [(32, 3), 34], [(24, 23), 16], [(15, 18), 34], [(1, 37), 38], [(30, 16), 16], [(4, 38), 14], [(0, 19), 32], [(10, 21), 44], [(34, 37), 48], 
[(13, 15), 38], [(34, 17), 36], [(32, 26), 26], [(15, 25), 37], [(1, 16), 37], [(13, 33), 6], [(34, 11), 44], [(17, 14), 32], [(32, 27), 16], [(34, 20), 46], [(9, 7), 49], [(15, 0), 31], [(21, 20), 17], [(10, 8), 29], [(20, 39), 40], [(9, 10), 23], 
[(32, 7), 27], [(3, 23), 40], [(11, 19), 4], [(29, 38), 22], [(39, 8), 29], [(24, 35), 5], [(13, 38), 46], [(26, 35), 18], [(6, 13), 34], [(39, 17), 34], [(31, 1), 23], [(20, 15), 35], [(15, 35), 12], [(28, 5), 10], [(17, 11), 46], [(22, 28), 14], 
[(3, 2), 5], [(20, 14), 50], [(5, 13), 12], [(33, 21), 26], [(1, 14), 48], [(14, 15), 6], [(13, 19), 41], [(18, 10), 11], [(27, 4), 13], [(38, 1), 5], [(2, 16), 26], [(33, 7), 16], [(6, 1), 49], [(23, 30), 24], [(38, 17), 29], [(28, 8), 44], [(11, 36), 11], 
[(23, 8), 45], [(4, 36), 41], [(13, 24), 14], [(32, 39), 8], [(5, 38), 43], [(28, 13), 23], [(12, 37), 26], [(36, 14), 17], [(35, 1), 2], [(20, 11), 28], [(5, 15), 36], [(14, 26), 49], [(20, 6), 20], [(12, 2), 19], [(22, 23), 20], [(11, 13), 8], [(21, 26), 45], 
[(27, 23), 47], [(8, 2), 17], [(6, 0), 21], [(37, 3), 10], [(16, 13), 40], [(39, 24), 19], [(20, 31), 11], [(19, 13), 47], [(12, 19), 2], [(7, 33), 17], [(8, 6), 28], [(3, 29), 4], [(27, 14), 29], [(39, 36), 42], [(33, 14), 49], [(29, 35), 41], [(17, 28), 10], 
[(16, 11), 32], [(30, 22), 15], [(13, 1), 49], [(9, 3), 32], [(38, 15), 24], [(23, 12), 29], [(39, 31), 24], [(32, 22), 2], [(13, 10), 40], [(13, 0), 44], [(36, 7), 8], [(33, 39), 8], [(29, 6), 41], [(29, 1), 32], [(10, 19), 40]]


sample input 5
V=[0, 1, 2, 3, 4, 5, 6, 7, 8, 9, 10, 11, 12, 13, 14, 15, 16, 17, 18, 19, 20, 21, 22, 23, 24, 25, 26, 27, 28, 29, 30, 31, 32, 33, 34, 35, 36, 37, 38, 39, 40, 41, 42, 43, 44, 45, 46, 47, 48, 49]
E=[[(36, 1), 29], [(37, 13), 7], [(22, 1), 50], [(12, 41), 32], [(11, 18), 44], [(49, 14), 30], [(1, 20), 6], [(37, 27), 47], [(13, 9), 2], [(0, 2), 17], [(30, 28), 34], [(19, 33), 42], [(3, 20), 28], [(3, 8), 15], [(18, 7), 17], [(24, 18), 19], [(42, 15), 35], 
[(26, 40), 13], [(36, 39), 31], [(39, 2), 11], [(9, 35), 23], [(8, 27), 6], [(21, 46), 4], [(8, 30), 22], [(36, 45), 50], [(48, 2), 37], [(46, 22), 26], [(24, 29), 14], [(49, 48), 33], [(1, 28), 49], [(33, 25), 37], [(4, 25), 23], [(48, 42), 24], [(9, 28), 10], 
[(22, 12), 44], [(21, 1), 34], [(37, 20), 4], [(7, 9), 38], [(10, 7), 30], [(8, 21), 25], [(43, 32), 31], [(10, 9), 32], [(11, 35), 11], [(29, 22), 25], [(37, 25), 11], [(0, 21), 32], [(31, 2), 35], [(20, 39), 40], [(33, 47), 8], [(41, 42), 24], [(9, 38), 43], 
[(32, 6), 7], [(32, 46), 36], [(18, 23), 36], [(18, 15), 10], [(10, 40), 27], [(28, 29), 38], [(26, 27), 19], [(35, 10), 44], [(25, 44), 36], [(4, 8), 2], [(41, 7), 38], [(42, 43), 18], [(45, 27), 5], [(31, 24), 13], [(43, 29), 11], [(12, 13), 2], [(13, 49), 48], 
[(16, 6), 17], [(30, 27), 2], [(37, 7), 25], [(39, 0), 50], [(16, 24), 47], [(8, 16), 30], [(20, 42), 45], [(25, 43), 25], [(2, 4), 38], [(5, 14), 1], [(12, 11), 4], [(6, 12), 37], [(39, 27), 34], [(48, 33), 3], [(6, 23), 9], [(8, 42), 12], [(14, 0), 44], [(5, 26), 41], 
[(32, 37), 6], [(18, 32), 50], [(23, 2), 29], [(47, 41), 49], [(39, 38), 29], [(14, 18), 18], [(30, 41), 48], [(26, 35), 46], [(8, 41), 39], [(45, 6), 37], [(23, 31), 34], [(47, 46), 18], [(23, 32), 21], [(3, 32), 37], [(13, 23), 25], [(28, 46), 8], [(49, 12), 11], 
[(36, 15), 34], [(25, 13), 34], [(12, 36), 9], [(23, 27), 17], [(34, 13), 12], [(21, 30), 36], [(16, 41), 16], [(33, 46), 41], [(20, 35), 19], [(29, 25), 30], [(36, 43), 24], [(27, 20), 5], [(41, 35), 11], [(26, 41), 32], [(19, 23), 5], [(15, 27), 3], [(20, 24), 32], 
[(42, 30), 43], [(12, 27), 12], [(4, 30), 20], [(4, 17), 3], [(29, 45), 41], [(39, 1), 48], [(42, 26), 35], [(6, 21), 27], [(48, 19), 34], [(26, 14), 47], [(34, 20), 45], [(7, 16), 24], [(7, 37), 45], [(22, 25), 27], [(19, 32), 30], [(2, 5), 17], [(29, 24), 45], 
[(13, 38), 20], [(38, 27), 18], [(38, 35), 33], [(40, 13), 31], [(14, 6), 45], [(18, 1), 25], [(16, 45), 15], [(20, 10), 1], [(49, 25), 43], [(25, 0), 10], [(17, 24), 21], [(19, 41), 29], [(17, 6), 45], [(4, 43), 43], [(32, 30), 9], [(42, 24), 38], [(44, 15), 41], 
[(34, 23), 45], [(33, 43), 29], [(47, 25), 12], [(18, 19), 17], [(11, 28), 24], [(4, 24), 45], [(16, 12), 24], [(41, 24), 24], [(15, 20), 27], [(30, 20), 46], [(4, 40), 40], [(5, 15), 21], [(46, 34), 2], [(6, 11), 21], [(22, 49), 32], [(49, 19), 9], [(12, 49), 41], 
[(4, 11), 1], [(44, 13), 10], [(21, 44), 24], [(27, 42), 10], [(41, 25), 18], [(15, 8), 23], [(6, 36), 31], [(48, 8), 23], [(37, 5), 4], [(21, 43), 11], [(43, 33), 20], [(20, 11), 41], [(38, 4), 35], [(1, 41), 25], [(32, 18), 33], [(48, 47), 21], [(19, 37), 16], 
[(10, 24), 33], [(34, 46), 46], [(15, 14), 7], [(12, 17), 35], [(28, 47), 27], [(36, 21), 38], [(38, 33), 26], [(7, 6), 13], [(6, 41), 35], [(33, 14), 42], [(44, 8), 34], [(15, 23), 3], [(33, 16), 13], [(28, 11), 42], [(28, 40), 4], [(17, 16), 22]]

